 -0.7610035158
 -1.2124449846
 -0.1018713052
 -2.3685008512
 -1.0577812873
 -2.2082362949
  0.5638383420
  1.2110529402
  2.2103099728
  0.4445615622
 -1.1824487219
  1.0428911250
 -1.6055875639
  1.3041994344
  1.3717504608
  1.7482509462
 -0.2336564834
 -1.5201448310
  1.1532417595
  0.1036808229
 -0.3720771872
 -0.6153001876
 -0.1256836001
 -2.2719303849
 -0.7183620835
 -1.2969031477
 -0.6178517634
  0.6155920682
 -1.2655063874
  1.8574541847
 -0.9185331950
 -0.0550258925
 -0.3858980628
  1.2952085294
 -1.5684329695
 -0.9702641940
 -2.1833489497
 -2.8503357788
 -2.0773308618
  1.6316316357
  0.3490228970
  1.8278911685
 -2.4417437919
 -0.8563033966
 -0.2982564035
 -2.0794787342
 -1.2933237994
  0.8998203170
  0.2830657751
  2.3118052520
 -2.4644408596
  1.4565654833
 -0.6893407193
 -1.9453815067
  2.0136061808
 -3.1231618781
 -0.2361762997
  1.3868094702
  0.9098242886
 -1.5477441601
 -0.7983089649
 -0.6559983373
  0.7353833014
 -2.5859329355
  0.4721083926
  0.5534949858
  2.5125545312
 -2.4167454044
 -1.6389862671
  1.2027302046
 -1.2024585141
 -1.8344595944
 -1.8801302663
 -0.3405609845
  0.2369248331
 -1.0613791894
  1.0275923234
 -0.4769083174
 -0.6783247872
  0.4629922649
  0.5849232052
 -0.1650183997
  1.9326419203
 -0.2296576535
 -1.8473149188
  0.4901176757
  1.0714605356
 -3.3190564273
  1.5411350742
  0.3737194724
 -0.8648468122
 -2.5827352221
  0.9706244674
 -0.5102186695
 -0.6842789688
 -1.6471360722
  0.2115314482
 -0.2742244187
  1.7259975467
  1.3241865784
 -2.6398447933
 -0.0805587099
 -2.0351080337
 -1.4612377613
 -0.5966433903
 -2.0448179883
  2.0569840732
  1.9510090942
  0.1763769907
 -2.1614121776
 -0.4039473623
  1.8015753247
 -1.5627873915
 -0.2525300393
  0.2358649699
  0.7165669877
  1.0768909186
 -0.3545727869
 -1.6774305813
 -0.1293925471
 -0.6748884884
  1.1406653466
  1.3243123724
  3.2115848427
 -2.1588889820
 -2.6016408211
 -3.2226466025
 -1.8961290648
 -0.8748806849
  2.5103862770
 -0.8779490671
  0.4344112018
 -0.9316104906
  0.1839077769
 -0.3607821607
  0.6195813741
  0.3862494817
 -2.6515034314
  2.2971077347
 -2.0881809849
 -1.8638232270
  1.0605783596
  0.7756214650
  2.1346860995
 -1.1497370211
 -0.5208142610
  0.9974342874
 -1.4830935317
 -2.3139424018
  0.2951733310
 -0.3870487903
 -2.2060769682
  0.3070219084
 -1.1764611385
 -1.6346296646
 -0.8246766135
 -0.5274652726
  1.2156428794
 -1.5009598135
 -2.0319535884
 -1.5236673398
 -2.4373207889
 -2.3757031128
 -1.3998727731
 -0.8873531454
 -0.6327887293
  1.5045017560
 -1.5807630026
  0.5859921662
 -0.7754041624
  0.9425733064
  2.1091965265
  0.5447913193
  0.4377361157
 -1.2802422835
 -0.0436099352
  1.4774996992
 -1.1327694925
 -0.7284690415
  0.0473471629
  1.6574566029
  1.6854094443
 -0.7490154010
 -0.7224905608
 -3.1522817287
  0.3657777829
  0.1981136232
 -0.7305994560
  1.6526391805
 -2.3003570015
 -1.8746816207
  0.9809538687
 -1.5882515916
  1.3543414153
  2.1789533104
 -1.9923976174
 -2.0037136177
 -0.3886129998
 -2.3399297597
 -2.9171906172
  0.9939864536
 -2.7047676803
 -1.2713977184
  1.8609146116
 -1.2051940398
 -0.3801419449
  0.7087181009
 -2.1101400292
 -0.6665468028
  0.5360184459
  1.3030757311
 -1.0337271374
 -4.0308475275
  0.5817346905
 -2.6571790171
  0.8037999376
 -1.0924192798
  2.4991005799
  0.3620079992
  0.6619533723
 -0.9216053408
 -0.8312366563
 -2.0020095161
 -2.9489750133
  0.6456420209
 -1.1011469386
  0.7451030894
  0.5850671712
 -1.9954525138
  0.6259110451
  1.8059610257
 -0.2230931507
 -1.4044213618
 -2.1319153039
 -0.4608911911
 -1.4394495401
 -1.2180950867
  0.7109301096
  0.4521691934
 -0.3595338079
  0.6228495449
 -0.6700529680
 -0.7069138004
  0.0631135077
 -1.2319907360
 -1.7464523309
 -2.7196089726
 -2.2143717768
 -1.6930750545
 -0.9092739408
  0.8785231081
  1.1866481376
 -1.8704126214
  0.3979629511
  1.7211387181
 -1.3693405526
  0.8580668010
 -0.2477957877
  1.2800911800
 -1.3275204190
